0.0143169
(7.30, -0.28, -10.36)
(0.00000, 0.04559, 0.00000, 0.99896)


0.0295293
(7.29, -0.28, -10.46)
(0.00000, 0.04564, 0.00000, 0.99896)


0.04587441
(7.27, -0.28, -10.57)
(0.00000, 0.04568, 0.00000, 0.99896)


0.06241891
(7.26, -0.28, -10.68)
(0.00000, 0.04573, 0.00000, 0.99895)


0.07800382
(7.25, -0.28, -10.79)
(0.00000, 0.04577, 0.00000, 0.99895)


0.09395082
(7.24, -0.28, -10.89)
(0.00000, 0.04581, 0.00000, 0.99895)


0.1089599
(7.23, -0.28, -10.99)
(0.00000, 0.04585, 0.00000, 0.99895)


0.1252752
(7.21, -0.28, -11.10)
(0.00000, 0.04590, 0.00000, 0.99895)


0.1407206
(7.20, -0.28, -11.20)
(0.00000, 0.04594, 0.00000, 0.99894)


0.1569512
(7.19, -0.28, -11.31)
(0.00000, 0.04598, 0.00000, 0.99894)


0.1726907
(7.18, -0.28, -11.42)
(0.00000, 0.04603, 0.00000, 0.99894)


0.1876981
(7.16, -0.28, -11.51)
(0.00000, 0.04607, 0.00000, 0.99894)


0.2037087
(7.15, -0.28, -11.62)
(0.00000, 0.04611, 0.00000, 0.99894)


0.2194977
(7.14, -0.28, -11.73)
(0.00000, 0.04615, 0.00000, 0.99893)


0.234966
(7.13, -0.28, -11.83)
(0.00000, 0.04620, 0.00000, 0.99893)


0.2508857
(7.12, -0.28, -11.93)
(0.00000, 0.04624, 0.00000, 0.99893)


0.2669645
(7.10, -0.28, -12.04)
(0.00000, 0.04628, 0.00000, 0.99893)


0.2826039
(7.09, -0.28, -12.15)
(0.00000, 0.04633, 0.00000, 0.99893)


0.2986945
(7.08, -0.28, -12.25)
(0.00000, 0.04637, 0.00000, 0.99892)


0.314568
(7.07, -0.28, -12.36)
(0.00000, 0.04641, 0.00000, 0.99892)


0.3299666
(7.06, -0.28, -12.46)
(0.00000, 0.04645, 0.00000, 0.99892)


0.345301
(7.04, -0.28, -12.56)
(0.00000, 0.04650, 0.00000, 0.99892)


0.3607676
(7.03, -0.28, -12.66)
(0.00000, 0.04654, 0.00000, 0.99892)


0.3781021
(7.02, -0.28, -12.78)
(0.00000, 0.04659, 0.00000, 0.99891)


0.3942845
(7.01, -0.28, -12.89)
(0.00000, 0.04663, 0.00000, 0.99891)


0.4092503
(7.00, -0.28, -12.99)
(0.00000, 0.04667, 0.00000, 0.99891)


0.4241626
(7.00, -0.28, -13.08)
(0.00000, 0.04671, 0.00000, 0.99891)


0.4398339
(7.01, -0.28, -13.18)
(0.00000, 0.04677, 0.00000, 0.99891)


0.4565448
(7.03, -0.28, -13.29)
(0.00000, 0.04684, 0.00000, 0.99890)


0.4725683
(7.05, -0.28, -13.39)
(0.00000, 0.04698, 0.00000, 0.99890)


0.4876803
(7.09, -0.28, -13.47)
(0.00000, 0.04719, 0.00000, 0.99889)


0.5031517
(7.13, -0.28, -13.55)
(0.00000, 0.04747, 0.00000, 0.99887)


0.5190561
(7.19, -0.28, -13.63)
(0.00000, 0.04771, 0.00000, 0.99886)


0.5342291
(7.26, -0.28, -13.70)
(0.00000, 0.04798, 0.00000, 0.99885)


0.5495657
(7.33, -0.28, -13.77)
(0.00000, 0.04830, 0.00000, 0.99883)


0.5649854
(7.41, -0.28, -13.83)
(0.00000, 0.04866, 0.00000, 0.99882)


0.5817524
(7.50, -0.28, -13.89)
(0.00000, 0.04896, 0.00000, 0.99880)


0.5967214
(7.59, -0.28, -13.94)
(0.00000, 0.04915, 0.00000, 0.99879)


0.6116114
(7.67, -0.28, -13.99)
(0.00000, 0.04929, 0.00000, 0.99878)


0.6268639
(7.76, -0.28, -14.03)
(0.00000, 0.04940, 0.00000, 0.99878)


0.6417812
(7.86, -0.28, -14.07)
(0.00000, 0.04947, 0.00000, 0.99878)


0.6572766
(7.95, -0.28, -14.10)
(0.00000, 0.04954, 0.00000, 0.99877)


0.6761309
(8.07, -0.28, -14.14)
(0.00000, 0.04961, 0.00000, 0.99877)


0.6912037
(8.17, -0.28, -14.17)
(0.00000, 0.04966, 0.00000, 0.99877)


0.7065648
(8.27, -0.28, -14.20)
(0.00000, 0.04971, 0.00000, 0.99876)


0.720969
(8.36, -0.28, -14.22)
(0.00000, 0.04976, 0.00000, 0.99876)


0.7369034
(8.46, -0.28, -14.25)
(0.00000, 0.04980, 0.00000, 0.99876)


0.7536212
(8.57, -0.28, -14.27)
(0.00000, 0.04985, 0.00000, 0.99876)


0.7697881
(8.68, -0.28, -14.30)
(0.00000, 0.04989, 0.00000, 0.99875)


0.7850384
(8.78, -0.28, -14.32)
(0.00000, 0.04994, 0.00000, 0.99875)


0.8007476
(8.88, -0.28, -14.34)
(0.00000, 0.04998, 0.00000, 0.99875)


0.8172993
(8.99, -0.28, -14.36)
(0.00000, 0.05002, 0.00000, 0.99875)


0.8332275
(9.09, -0.28, -14.37)
(0.00000, 0.05007, 0.00000, 0.99875)


0.8489529
(9.20, -0.28, -14.39)
(0.00000, 0.05011, 0.00000, 0.99874)


0.8651461
(9.30, -0.28, -14.41)
(0.00000, 0.05015, 0.00000, 0.99874)


0.8805741
(9.41, -0.28, -14.43)
(0.00000, 0.05020, 0.00000, 0.99874)


0.8950974
(9.50, -0.28, -14.44)
(0.00000, 0.05024, 0.00000, 0.99874)


0.9112115
(9.61, -0.28, -14.46)
(0.00000, 0.05028, 0.00000, 0.99874)


0.9270301
(9.71, -0.28, -14.47)
(0.00000, 0.05032, 0.00000, 0.99873)


0.9424213
(9.82, -0.28, -14.49)
(0.00000, 0.05036, 0.00000, 0.99873)


0.9597768
(9.93, -0.28, -14.51)
(0.00000, 0.05041, 0.00000, 0.99873)


0.9757409
(10.04, -0.28, -14.52)
(0.00000, 0.05045, 0.00000, 0.99873)


0.9911276
(10.14, -0.28, -14.54)
(0.00000, 0.05049, 0.00000, 0.99872)


1.006038
(10.24, -0.28, -14.55)
(0.00000, 0.05053, 0.00000, 0.99872)


1.021516
(10.34, -0.28, -14.57)
(0.00000, 0.05058, 0.00000, 0.99872)


1.038217
(10.45, -0.28, -14.59)
(0.00000, 0.05062, 0.00000, 0.99872)


1.053304
(10.55, -0.28, -14.60)
(0.00000, 0.05066, 0.00000, 0.99872)


1.06914
(10.65, -0.28, -14.62)
(0.00000, 0.05070, 0.00000, 0.99871)


1.084047
(10.75, -0.28, -14.63)
(0.00000, 0.05074, 0.00000, 0.99871)


1.100226
(10.86, -0.28, -14.65)
(0.00000, 0.05079, 0.00000, 0.99871)


1.116087
(10.96, -0.28, -14.66)
(0.00000, 0.05083, 0.00000, 0.99871)


1.131453
(11.06, -0.28, -14.68)
(0.00000, 0.05087, 0.00000, 0.99871)


1.146803
(11.17, -0.28, -14.70)
(0.00000, 0.05091, 0.00000, 0.99870)


1.162256
(11.27, -0.28, -14.71)
(0.00000, 0.05096, 0.00000, 0.99870)


1.178067
(11.37, -0.28, -14.73)
(0.00000, 0.05100, 0.00000, 0.99870)


1.193175
(11.47, -0.28, -14.74)
(0.00000, 0.05104, 0.00000, 0.99870)


1.208009
(11.57, -0.28, -14.76)
(0.00000, 0.05108, 0.00000, 0.99869)


1.223872
(11.68, -0.28, -14.77)
(0.00000, 0.05112, 0.00000, 0.99869)


1.238925
(11.78, -0.28, -14.79)
(0.00000, 0.05116, 0.00000, 0.99869)


1.254925
(11.88, -0.28, -14.80)
(0.00000, 0.05121, 0.00000, 0.99869)


1.269982
(11.98, -0.28, -14.82)
(0.00000, 0.05125, 0.00000, 0.99869)


1.286159
(12.09, -0.28, -14.83)
(0.00000, 0.05129, 0.00000, 0.99868)


1.30187
(12.19, -0.28, -14.85)
(0.00000, 0.05133, 0.00000, 0.99868)


1.321916
(12.32, -0.28, -14.87)
(0.00000, 0.05139, 0.00000, 0.99868)


1.336704
(12.42, -0.28, -14.88)
(0.00000, 0.05143, 0.00000, 0.99868)


1.352767
(12.53, -0.28, -14.90)
(0.00000, 0.05147, 0.00000, 0.99867)


1.367876
(12.63, -0.28, -14.91)
(0.00000, 0.05151, 0.00000, 0.99867)


1.382761
(12.73, -0.28, -14.93)
(0.00000, 0.05155, 0.00000, 0.99867)


1.397847
(12.83, -0.28, -14.94)
(0.00000, 0.05159, 0.00000, 0.99867)


1.413424
(12.93, -0.28, -14.96)
(0.00000, 0.05163, 0.00000, 0.99867)


1.428344
(13.03, -0.28, -14.97)
(0.00000, 0.05167, 0.00000, 0.99866)


1.443519
(13.13, -0.28, -14.99)
(0.00000, 0.05171, 0.00000, 0.99866)


1.459177
(13.23, -0.28, -15.00)
(0.00000, 0.05176, 0.00000, 0.99866)


1.474517
(13.33, -0.28, -15.02)
(0.00000, 0.05180, 0.00000, 0.99866)


1.49091
(13.44, -0.28, -15.03)
(0.00000, 0.05184, 0.00000, 0.99866)


1.505986
(13.54, -0.28, -15.03)
(0.00000, 0.05188, 0.00000, 0.99865)


1.521644
(13.64, -0.28, -15.03)
(0.00000, 0.05193, 0.00000, 0.99865)


1.537355
(13.74, -0.28, -15.01)
(0.00000, 0.05197, 0.00000, 0.99865)


1.553089
(13.84, -0.28, -14.99)
(0.00000, 0.05202, 0.00000, 0.99865)


1.568388
(13.94, -0.28, -14.97)
(0.00000, 0.05206, 0.00000, 0.99864)


1.585365
(14.05, -0.28, -14.93)
(0.00000, 0.05210, 0.00000, 0.99864)


1.601028
(14.14, -0.28, -14.90)
(0.00000, 0.05213, 0.00000, 0.99864)


1.616682
(14.24, -0.28, -14.86)
(0.00000, 0.05216, 0.00000, 0.99864)


1.633697
(14.34, -0.28, -14.81)
(0.00000, 0.05219, 0.00000, 0.99864)


1.650758
(14.44, -0.28, -14.76)
(0.00000, 0.05222, 0.00000, 0.99864)


1.665085
(14.53, -0.28, -14.72)
(0.00000, 0.05224, 0.00000, 0.99863)


1.683024
(14.63, -0.28, -14.66)
(0.00000, 0.05226, 0.00000, 0.99863)


1.697561
(14.72, -0.28, -14.61)
(0.00000, 0.05228, 0.00000, 0.99863)


1.717166
(14.83, -0.28, -14.55)
(0.00000, 0.05231, 0.00000, 0.99863)


1.732256
(14.92, -0.28, -14.50)
(0.00000, 0.05233, 0.00000, 0.99863)


1.746784
(15.01, -0.28, -14.46)
(0.00000, 0.05235, 0.00000, 0.99863)


1.761824
(15.10, -0.28, -14.42)
(0.00000, 0.05238, 0.00000, 0.99863)


1.77681
(15.19, -0.28, -14.38)
(0.00000, 0.05241, 0.00000, 0.99863)


1.792885
(15.30, -0.28, -14.35)
(0.00000, 0.05245, 0.00000, 0.99862)


1.807646
(15.39, -0.28, -14.32)
(0.00000, 0.05249, 0.00000, 0.99862)


1.824684
(15.50, -0.28, -14.30)
(0.00000, 0.05253, 0.00000, 0.99862)


1.839007
(15.59, -0.28, -14.29)
(0.00000, 0.05257, 0.00000, 0.99862)


1.855953
(15.70, -0.28, -14.28)
(0.00000, 0.05262, 0.00000, 0.99861)


1.872819
(15.81, -0.28, -14.28)
(0.00000, 0.05267, 0.00000, 0.99861)


1.887373
(15.91, -0.28, -14.28)
(0.00000, 0.05271, 0.00000, 0.99861)


1.902805
(16.01, -0.28, -14.30)
(0.00000, 0.05275, 0.00000, 0.99861)


1.918192
(16.11, -0.28, -14.31)
(0.00000, 0.05279, 0.00000, 0.99861)


1.933322
(16.21, -0.28, -14.33)
(0.00000, 0.05284, 0.00000, 0.99860)


1.948279
(16.31, -0.28, -14.35)
(0.00000, 0.05288, 0.00000, 0.99860)


1.964357
(16.41, -0.28, -14.38)
(0.00000, 0.05293, 0.00000, 0.99860)


1.980463
(16.50, -0.28, -14.42)
(0.00000, 0.05301, 0.00000, 0.99859)


1.996941
(16.59, -0.28, -14.47)
(0.00000, 0.05317, 0.00000, 0.99859)


2.011926
(16.67, -0.28, -14.52)
(0.00000, 0.05338, 0.00000, 0.99857)


2.027444
(16.75, -0.28, -14.58)
(0.00000, 0.05367, 0.00000, 0.99856)


2.042936
(16.83, -0.28, -14.65)
(0.00000, 0.05398, 0.00000, 0.99854)


2.058546
(16.90, -0.28, -14.73)
(0.00000, 0.05428, 0.00000, 0.99853)


2.074308
(16.96, -0.28, -14.81)
(0.00000, 0.05457, 0.00000, 0.99851)


2.089333
(17.02, -0.28, -14.88)
(0.00000, 0.05486, 0.00000, 0.99849)


2.104488
(17.08, -0.28, -14.97)
(0.00000, 0.05517, 0.00000, 0.99848)


2.119906
(17.14, -0.28, -15.05)
(0.00000, 0.05554, 0.00000, 0.99846)


2.135004
(17.19, -0.28, -15.14)
(0.00000, 0.05592, 0.00000, 0.99844)


2.150576
(17.24, -0.28, -15.23)
(0.00000, 0.05633, 0.00000, 0.99841)


2.165907
(17.29, -0.28, -15.32)
(0.00000, 0.05673, 0.00000, 0.99839)


2.181029
(17.33, -0.28, -15.41)
(0.00000, 0.05710, 0.00000, 0.99837)


2.196534
(17.37, -0.28, -15.51)
(0.00000, 0.05745, 0.00000, 0.99835)


2.212056
(17.41, -0.28, -15.60)
(0.00000, 0.05773, 0.00000, 0.99833)


2.227375
(17.44, -0.28, -15.69)
(0.00000, 0.05790, 0.00000, 0.99832)


2.243641
(17.46, -0.28, -15.79)
(0.00000, 0.05799, 0.00000, 0.99832)


2.259064
(17.46, -0.28, -15.89)
(0.00000, 0.05804, 0.00000, 0.99831)


2.274328
(17.45, -0.28, -15.97)
(0.00000, 0.05808, 0.00000, 0.99831)


2.289469
(17.43, -0.28, -16.06)
(0.00000, 0.05813, 0.00000, 0.99831)


2.305113
(17.40, -0.28, -16.15)
(0.00000, 0.05817, 0.00000, 0.99831)


2.321249
(17.35, -0.28, -16.24)
(0.00000, 0.05821, 0.00000, 0.99830)


2.337308
(17.30, -0.28, -16.32)
(0.00000, 0.05825, 0.00000, 0.99830)


2.354138
(17.23, -0.28, -16.41)
(0.00000, 0.05827, 0.00000, 0.99830)


2.371277
(17.15, -0.28, -16.49)
(0.00000, 0.05829, 0.00000, 0.99830)


2.38607
(17.08, -0.28, -16.56)
(0.00000, 0.05830, 0.00000, 0.99830)


2.402097
(17.00, -0.28, -16.63)
(0.00000, 0.05831, 0.00000, 0.99830)


2.417265
(16.92, -0.28, -16.69)
(0.00000, 0.05831, 0.00000, 0.99830)


2.433296
(16.84, -0.28, -16.75)
(0.00000, 0.05830, 0.00000, 0.99830)


2.448707
(16.76, -0.28, -16.82)
(0.00000, 0.05831, 0.00000, 0.99830)


2.464774
(16.68, -0.28, -16.89)
(0.00000, 0.05832, 0.00000, 0.99830)


2.479838
(16.62, -0.28, -16.96)
(0.00000, 0.05833, 0.00000, 0.99830)


2.495322
(16.55, -0.28, -17.04)
(0.00000, 0.05835, 0.00000, 0.99830)


2.513754
(16.47, -0.28, -17.13)
(0.00000, 0.05838, 0.00000, 0.99829)


2.528636
(16.41, -0.28, -17.21)
(0.00000, 0.05840, 0.00000, 0.99829)


2.544486
(16.34, -0.28, -17.29)
(0.00000, 0.05843, 0.00000, 0.99829)


2.560103
(16.28, -0.28, -17.38)
(0.00000, 0.05846, 0.00000, 0.99829)


2.575877
(16.22, -0.28, -17.46)
(0.00000, 0.05849, 0.00000, 0.99829)


2.590283
(16.17, -0.28, -17.54)
(0.00000, 0.05852, 0.00000, 0.99829)


2.60558
(16.11, -0.28, -17.63)
(0.00000, 0.05855, 0.00000, 0.99828)


2.621297
(16.05, -0.28, -17.72)
(0.00000, 0.05859, 0.00000, 0.99828)


2.636738
(16.00, -0.28, -17.80)
(0.00000, 0.05862, 0.00000, 0.99828)


2.6517
(15.95, -0.28, -17.89)
(0.00000, 0.05866, 0.00000, 0.99828)


2.667299
(15.89, -0.28, -17.98)
(0.00000, 0.05869, 0.00000, 0.99828)


2.682601
(15.84, -0.28, -18.07)
(0.00000, 0.05873, 0.00000, 0.99827)


2.698713
(15.78, -0.28, -18.16)
(0.00000, 0.05877, 0.00000, 0.99827)


2.715714
(15.73, -0.28, -18.26)
(0.00000, 0.05881, 0.00000, 0.99827)


2.730287
(15.68, -0.28, -18.34)
(0.00000, 0.05884, 0.00000, 0.99827)


2.744929
(15.63, -0.28, -18.43)
(0.00000, 0.05888, 0.00000, 0.99827)


2.759975
(15.58, -0.28, -18.51)
(0.00000, 0.05891, 0.00000, 0.99826)


2.77512
(15.53, -0.28, -18.60)
(0.00000, 0.05895, 0.00000, 0.99826)


2.791127
(15.47, -0.28, -18.69)
(0.00000, 0.05899, 0.00000, 0.99826)


2.805557
(15.42, -0.28, -18.78)
(0.00000, 0.05902, 0.00000, 0.99826)


2.822302
(15.36, -0.28, -18.87)
(0.00000, 0.05906, 0.00000, 0.99825)


2.837035
(15.31, -0.28, -18.95)
(0.00000, 0.05909, 0.00000, 0.99825)


2.851737
(15.25, -0.28, -19.03)
(0.00000, 0.05912, 0.00000, 0.99825)


2.866621
(15.19, -0.28, -19.11)
(0.00000, 0.05914, 0.00000, 0.99825)


2.880986
(15.13, -0.28, -19.18)
(0.00000, 0.05916, 0.00000, 0.99825)


2.895282
(15.07, -0.28, -19.25)
(0.00000, 0.05918, 0.00000, 0.99825)


2.911674
(14.99, -0.28, -19.33)
(0.00000, 0.05920, 0.00000, 0.99825)


2.930221
(14.90, -0.28, -19.42)
(0.00000, 0.05922, 0.00000, 0.99825)


2.944906
(14.83, -0.28, -19.49)
(0.00000, 0.05923, 0.00000, 0.99824)


2.959617
(14.76, -0.28, -19.55)
(0.00000, 0.05923, 0.00000, 0.99824)


2.976473
(14.67, -0.28, -19.62)
(0.00000, 0.05923, 0.00000, 0.99824)


2.992404
(14.59, -0.28, -19.69)
(0.00000, 0.05923, 0.00000, 0.99824)


3.008782
(14.50, -0.28, -19.75)
(0.00000, 0.05923, 0.00000, 0.99824)


3.025235
(14.41, -0.28, -19.81)
(0.00000, 0.05922, 0.00000, 0.99824)


3.04194
(14.32, -0.28, -19.88)
(0.00000, 0.05921, 0.00000, 0.99825)


3.058589
(14.22, -0.28, -19.94)
(0.00000, 0.05920, 0.00000, 0.99825)


3.075407
(14.13, -0.28, -20.00)
(0.00000, 0.05919, 0.00000, 0.99825)


3.09245
(14.03, -0.28, -20.06)
(0.00000, 0.05917, 0.00000, 0.99825)


3.109044
(13.94, -0.28, -20.11)
(0.00000, 0.05915, 0.00000, 0.99825)


3.125553
(13.84, -0.28, -20.17)
(0.00000, 0.05914, 0.00000, 0.99825)


3.142428
(13.74, -0.28, -20.22)
(0.00000, 0.05912, 0.00000, 0.99825)


3.15787
(13.65, -0.28, -20.27)
(0.00000, 0.05910, 0.00000, 0.99825)


3.17382
(13.56, -0.28, -20.32)
(0.00000, 0.05908, 0.00000, 0.99825)


3.189484
(13.46, -0.28, -20.37)
(0.00000, 0.05906, 0.00000, 0.99825)


3.206213
(13.36, -0.28, -20.42)
(0.00000, 0.05904, 0.00000, 0.99826)


3.221669
(13.27, -0.28, -20.47)
(0.00000, 0.05901, 0.00000, 0.99826)


3.237609
(13.18, -0.28, -20.52)
(0.00000, 0.05899, 0.00000, 0.99826)


3.252983
(13.09, -0.28, -20.56)
(0.00000, 0.05897, 0.00000, 0.99826)


3.268823
(12.99, -0.28, -20.61)
(0.00000, 0.05895, 0.00000, 0.99826)


3.285083
(12.89, -0.28, -20.66)
(0.00000, 0.05892, 0.00000, 0.99826)


3.300595
(12.80, -0.28, -20.70)
(0.00000, 0.05890, 0.00000, 0.99826)


3.316037
(12.71, -0.28, -20.75)
(0.00000, 0.05888, 0.00000, 0.99827)


3.331965
(12.61, -0.28, -20.80)
(0.00000, 0.05885, 0.00000, 0.99827)


3.347605
(12.52, -0.28, -20.84)
(0.00000, 0.05883, 0.00000, 0.99827)


3.363054
(12.42, -0.28, -20.89)
(0.00000, 0.05880, 0.00000, 0.99827)


3.378752
(12.33, -0.28, -20.93)
(0.00000, 0.05878, 0.00000, 0.99827)


3.395936
(12.23, -0.28, -20.98)
(0.00000, 0.05875, 0.00000, 0.99827)


3.41151
(12.13, -0.28, -21.03)
(0.00000, 0.05873, 0.00000, 0.99827)


